%YAML:1.0

#--------------------------------------------------------------------------------------------
# Camera Parameters. Adjust them!
#--------------------------------------------------------------------------------------------
Camera.type: "PinHole"

#--------------------------------------------------------------------------------------------
# Camera Parameters. Adjust them!
#--------------------------------------------------------------------------------------------
Camera.type: "KannalaBrandt8"

# Left Camera calibration and distortion parameters (OpenCV)
Camera.fx: 391.48857352971277
Camera.fy: 391.22333404181734
Camera.cx: 318.83313784187584
Camera.cy: 244.86806829474315

Camera.k1: 0.005743611797683247
Camera.k2: -0.0024901021558997797
Camera.p1: 0.0005710672610172823
Camera.p2: -4.174349788380954e-05

# Right Camera calibration and distortion parameters (OpenCV)
Camera2.fx: 391.5384352228536
Camera2.fy: 391.3786706547151
Camera2.cx: 317.7261507747808
Camera2.cy: 245.12094384650467

# Kannala-Brandt distortion parameters
Camera2.k1: 0.005465248126020641
Camera2.k2: -0.001931673122780746
Camera2.k3: 0.0006217320786209267
Camera2.k4: -0.0008046937081855304
    
# Transformation matrix from right camera to left camera
Tlr: !!opencv-matrix
  rows: 3
  cols: 4
  dt: f
  data: [ 0.9999951080192749, 0.00012762408174594154, -0.0031253239213125065, 0.09455685472844243,
          -0.000126246138578092, 0.999999894751011, 0.0004410894243056692, 0.00014400410742713323,
          0.0031253798860080674, -0.0004406927064278359, 0.9999950188828479, 0.000477693384707408]

# Lapping area between images
Camera.lappingBegin: 20
Camera.lappingEnd: 640

Camera2.lappingBegin: 0
Camera2.lappingEnd: 620

Camera.width: 640
Camera.height: 480

# Camera frames per second 
Camera.fps: 20.0

# stereo baseline times fx
Camera.bf: 35.23397161767415

# Color order of the images (0: BGR, 1: RGB. It is ignored if images are grayscale)
Camera.RGB: 1

# Close/Far threshold. Baseline times.
ThDepth: 1000.0 # 35

# Transformation from camera 0 to body-frame (imu)
Tbc: !!opencv-matrix
   rows: 4
   cols: 4
   dt: f
   data: [0.9999864783393784, -0.0005891734745466318, -0.00516681846254905, 0.029159395074633797,
          0.0005964176074397199, 0.9999988412736802, 0.0014006203391657536, 0.010730889737615419,
          0.00516598726726876, -0.0014036829819583764, 0.9999856710221605, -0.005963703042292954,
          0.0, 0.0, 0.0, 1.0]

# IMU noise
IMU.NoiseGyro: 0.0020015276079273165
IMU.NoiseAcc: 0.01802195448785769
IMU.GyroWalk: 1.8613914271111082e-05
IMU.AccWalk: 0.0006815375092523753
IMU.Frequency: 450

#--------------------------------------------------------------------------------------------
# ORB Parameters
#--------------------------------------------------------------------------------------------

# ORB Extractor: Number of features per image
ORBextractor.nFeatures: 1200

# ORB Extractor: Scale factor between levels in the scale pyramid 	
ORBextractor.scaleFactor: 1.2

# ORB Extractor: Number of levels in the scale pyramid	
ORBextractor.nLevels: 8

# ORB Extractor: Fast threshold
# Image is divided in a grid. At each cell FAST are extracted imposing a minimum response.
# Firstly we impose iniThFAST. If no corners are detected we impose a lower value minThFAST
# You can lower these values if your images have low contrast			
ORBextractor.iniThFAST: 10
ORBextractor.minThFAST: 7

#--------------------------------------------------------------------------------------------
# Viewer Parameters
#--------------------------------------------------------------------------------------------
Viewer.KeyFrameSize: 0.05
Viewer.KeyFrameLineWidth: 1
Viewer.GraphLineWidth: 0.9
Viewer.PointSize:2
Viewer.CameraSize: 0.08
Viewer.CameraLineWidth: 3
Viewer.ViewpointX: 0
Viewer.ViewpointY: -0.7
Viewer.ViewpointZ: -1.8
Viewer.ViewpointF: 500

