%YAML:1.0

#--------------------------------------------------------------------------------------------
# Camera Parameters. Adjust them!
#--------------------------------------------------------------------------------------------
Camera.type: "KannalaBrandt8"

# Left Camera calibration and distortion parameters (OpenCV)
Camera.fx: 285.63
Camera.fy: 285.582
Camera.cx: 420.461
Camera.cy: 413.578

# Kannala-Brandt distortion parameters
Camera.k1: -0.00898191
Camera.k2: 0.0451944
Camera.k3: -0.0427733
Camera.k4: 0.00777605

# Right Camera calibration and distortion parameters (OpenCV)
Camera2.fx: 285.428
Camera2.fy: 285.318
Camera2.cx: 425.466
Camera2.cy: 402.832

# Kannala-Brandt distortion parameters
Camera2.k1: -0.0050619
Camera2.k2: 0.0353557
Camera2.k3: -0.0325482
Camera2.k4: 0.00445533
    
# Transformation matrix from right camera to left camera
Tlr: !!opencv-matrix
  rows: 3
  cols: 4
  dt: f
  data: [ 0.999995990461724, -0.0006410667576278718, 0.002758277340553281, 0.06193929994384712,
          0.0006430682154809074, 0.9999995305690061, -0.0007247930995277638, 0.00012539153704790488,
          -0.002757811404970143, 0.0007265639539292802, 0.9999959332822684, -1.603860233639517e-05]

# Lapping area between images
Camera.lappingBegin: 0
Camera.lappingEnd: 847

Camera2.lappingBegin: 0
Camera2.lappingEnd: 847

# Camera resolution
Camera.width: 848
Camera.height: 800

# Camera frames per second 
Camera.fps: 20.0

# Color order of the images (0: BGR, 1: RGB. It is ignored if images are grayscale)
Camera.RGB: 1

# Close/Far threshold. Baseline times.
ThDepth: 40.0
Camera.bf: 19.3079

Tbc: !!opencv-matrix
   rows: 4
   cols: 4
   dt: f
   data: [-0.9999819575494188, 0.004282242342644999, 0.00421271600649675, 0.011022108479212237,
          -0.004264379228289576, -0.9999819178605925, 0.0042401676439485355, 0.026656198733849,
          0.004230797257003466, 0.004222126522300575, 0.9999821368415538, -0.0066004625500169075,
          0.0, 0.0, 0.0, 1.0]

# IMU noise
IMU.NoiseGyro: 0.0020015276079273165
IMU.NoiseAcc: 0.01802195448785769
IMU.GyroWalk: 1.8613914271111082e-05
IMU.AccWalk: 0.0006815375092523753
IMU.Frequency: 200

#--------------------------------------------------------------------------------------------
# ORB Parameters
#--------------------------------------------------------------------------------------------

# ORB Extractor: Number of features per image
ORBextractor.nFeatures: 1000 # Tested with 1250

# ORB Extractor: Scale factor between levels in the scale pyramid 	
ORBextractor.scaleFactor: 1.2

# ORB Extractor: Number of levels in the scale pyramid	
ORBextractor.nLevels: 8

# ORB Extractor: Fast threshold
# Image is divided in a grid. At each cell FAST are extracted imposing a minimum response.
# Firstly we impose iniThFAST. If no corners are detected we impose a lower value minThFAST
# You can lower these values if your images have low contrast			
ORBextractor.iniThFAST: 20 # 20
ORBextractor.minThFAST: 7 # 7

#--------------------------------------------------------------------------------------------
# Viewer Parameters
#--------------------------------------------------------------------------------------------
Viewer.KeyFrameSize: 0.05
Viewer.KeyFrameLineWidth: 1
Viewer.GraphLineWidth: 0.9
Viewer.PointSize: 2
Viewer.CameraSize: 0.08
Viewer.CameraLineWidth: 3
Viewer.ViewpointX: 0
Viewer.ViewpointY: -0.7
Viewer.ViewpointZ: -3.5
Viewer.ViewpointF: 500
